time
2251
2441
2016
1649
1704
1928
1622
1243
1214
1815
2021
1782
1683
1554
2037
1872
1682
1399
1432
1951
1223
1964
1930
1870
1938
2549
2140
1837
1933
1863
1412
2579
2372
1926
1568
2029
1362
1471
1807
1645
1491
1610
1838
871
2205
1973
1964
2067
1295
2000
1742
1626
1296
2268
1213
1246
1669
1951
1115
1905
1681
1748
1562
2399
1219
2127
2387
1321
2026
1221
2019
1786
1580
2006
1802
2013
2079
962
2674
2133
1428
2078
1953
2028
1314
2219
1827
2459
1785
1566
1795
1830
2815
2024
1803
1577
2018
1729
1261
2211
2564
1930
1234
1933
1763
2585
2996
1261
1594
1604
1877
1867
1496
2094
1680
2256
1229
1312
2651
1913
1441
1488
1712
1774
1428
1638
1678
2576
2598
2198
1208
2560
2725
2246
2147
2187
1508
2201
2495
3017
1758
1989
2680
1919
1264
2176
1001
1517
2427
1573
2066
2319
1731
1439
1662
1716
2347
1896
1179
2691
2564
2645
2848
1234
1215
1143
2341
2877
2419
1989
1166
2330
1505
2074
1315
1738
2114
1598
1625
2042
1907
2098
1797
1230
1949
1949
2278
1576
2124
2137
1317
1530
2074
2288
2373
3678
3034
1958
2063
2324
2034
1757
2244
1565
1953
1783
1277
1967
1523
1966
2518
1215
2248
1473
1986
2252
2146
1948
1639
1890
1735
1698
1954
1277
1434
1422
1233
1141
2426
2084
1471
2135
1939
1923
2218
1815
1643
2071
2041
2343
1774
1448
2224
2284
1433
1937
1407
1519
1535
2312
1709
2276
1483
1979
1388
1485
1744
1554
1629
1752
2068
2444
1568
1221
1921
1520
2018
2006
1804
1801
1973
999
2539
1874
1794
2226
2031
1947
2509
1543
1000
1292
2328
2150
2157
882
1680
1431
1802
2523
1407
1751
1886
2410
2089
1925
1374
1137
1744
1986
1811
1233
1436
1635
2323
1611
2113
2214
2046
1870
1609
1582
859
1541
1306
1837
2339
2291
2427
3478
1746
940
1215
2047
1494
1651
1802
2227
1474
2044
2175
1576
2008
2480
2417
2016
2372
2276
1873
1836
2343
1686
2329
1646
1838
1798
2072
1778
1743
2022
1757
1351
3099
2492
2201
1962
1260
1395
1785
1637
1345
2436
1817
1926
1503
1346
1678
914
1589
1718
2401
3061
2398
1250
1952
2285
2105
1799
2352
1497
1965
1958
1224
1820
1967
1885
1714
2660
1905
1212
1944
1435
2423
1737
1572
1419
1345
2097
1303
2349
1757
2310
1213
2975
1436
2814
1589
2103
2126
1994
1972
1233
1590
1230
1852
2568
1769
2387
1899
2406
2079
1969
1426
1886
1682
2498
1437
1497
1664
2151
2203
1253
1268
1822
2307
2113
1945
2437
2364
1705
1808
1443
1968
1765
2264
1982
1674
2006
1945
2315
1608
1464
1796
1919
1947
1634
1266
2203
2064
1586
1977
2769
2828
1845
1860
1961
2475
1418
1625
1966
1321
1850
2410
1254
1215
2379
2751
1421
1211
1833
1722
1105
2673
1763
1427
2084
2054
1792
2595
2423
2427
1212
2004
1701
2326
1914
1526
1739
1928
1297
1107
2255
1696
1245
1668
1431
2467
1965
2175
1952
2454
1410
1675
2610
2511
1172
2340
2004
1601
1668
2721
1117
1511
2189
1189
1460
1415
2860
2700
1730
1200
1300
1909
1667
1781
1216
1826
2282
1746
1979
1315
1650
2295
1392
1929
2402
2139
2439
1278
1808
1647
1304
1904
1826
2026
1203
902
2589
1213
1686
1394
2035
1550
1887
1731
1677
2405
1581
2515
1621
1634
1947
1286
2158
1736
2252
2135
2134
1486
1763
1773
2412
2326
1645
1908
1424
1454
2516
2204
2243
2466
1755
1691
1822
1654
2042
2212
1673
1667
2242
2316
1945
1541
2535
1773
1461
1215
2454
2832
1650
1642
1627
1999
2954
1087
2198
1366
1406
2796
1218
1275
2518
2104
1893
2041
1827
2235
2025
2057
2385
1487
1885
2625
1431
2350
1228
1881
2800
2432
1574
1982
2217
2055
2355
1921
2023
1795
1951
1391
1272
1240
1343
2032
2252
2382
2214
1622
2383
1487
2890
2571
1728
1704
1647
2370
1437
1733
1269
1992
1923
2013
2478
1662
1238
2216
1804
1787
2405
1489
1271
1217
1404
2264
2228
1921
2593
2457
2456
1775
2543
2123
2458
1804
1126
1232
1877
2149
2019
2333
1302
1838
1567
1953
2045
1656
2056
2373
1215
1773
2059
2444
1644
1775
1392
1799
1285
2146
2621
1234
1892
1626
2348
2497
1765
1398
2546
2669
1854
2099
1953
1646
1685
1371
1718
1876
1978
1865
1602
1381
1572
2660
1888
1565
1580
1694
1239
1899
2009
2692
2102
2097
2460
2371
1943
1833
1341
2010
2130
1292
1509
1803
2258
2745
2158
2457
2394
1664
1082
2460
2024
2256
999
1783
2219
1984
2377
2627
1596
1721
1221
2248
2386
1803
2240
1314
1028
2195
1222
2348
1227
2236
2287
1688
1540
2560
2016
2239
2374
2693
1438
2342
1254
2310
1982
2451
3041
1211
2376
2630
1225
3141
2014
2479
2085
1399
1982
1244
1785
2547
1224
1219
1424
1704
1566
2681
2484
1724
1423
688
1732
1776
1704
1988
1854
1308
1835
2464
1258
1628
2038
1477
2576
2196
1981
1307
1439
1948
2836
2140
1964
1782
2695
1851
2465
1643
2462
2430
2032
2142
1814
1794
2790
2132
1734
1573
1975
2055
1494
1271
2442
1732
1462
1672
1594
1211
1709
1985
1453
2511
2296
1219
1501
2112
1531
2269
1981
1887
1971
1250
1510
1798
2092
2205
1919
1678
1213
1622
2222
1745
1361
1919
1740
2255
2772
1320
1986
2085
1829
1286
1800
3283
1670
1568
992
2029
2431
2155
2007
1739
2506
1826
1793
1216
1713
1601
2261
2108
1554
2711
1402
1525
1560
2633
1237
2100
2284
1224
2035
2753
1622
1785
1573
1538
1271
1865
3092
2452
1693
1914
2526
2239
1701
2668
1829
1848
2591
1776
1551
1942
2456
2381
2315
3162
2230
1435
2731
3016
2402
1169
1769
1511
1916
2244
2213
1565
2250
2164
3050
2515
2863
1764
1854
2598
2771
2686
1853
1842
1478
1714
1770
1719
1706
1857
1809
1819
1726
2063
1651
2089
4200
2812
1576
2794
1510
2112
2161
1517
1566
1844
1495
1838
2227
1385
1673
2358
2189
1386
1689
1672
2447
2224
1728
1528
1997
1586
2192
1504
2356
1285
2066
1468
1970
2520
2123
2782
2629
1808
2272
2946
1581
1904
1081
1249
2031
2754
1791
2879
2196
2278
1761
1844
2202
1671
1952
1973
2523
1871
1948
2170
2039
1619
1587
1786
2859
2476
1606
1708
2350
1836
1544
1536
2702
2014
1668
1787
1516
3095
2288
1232
1358
1807
2863
1721
2585
2290
2003
1277
2341
1974
2107
1798
2717
2303
2245
3689
1332
1786
1807
1427
2780
2475
1724
2513
2716
2277
2408
1470
2433
1901
1756
2484
1788
1952
2347
2396
2303
2052
2398
2160
1793
1738
2771
2999
1643
1361
2434
2646
1737
1936
1564
2169
2030
1266
2595
1955
1545
2138
1524
1987
2303
1475
1424
2641
1549
2873
1894
1838
2174
2690
2075
2387
2043
2475
2067
2610
2266
2025
1935
1855
1522
2758
1959
2370
1844
2093
2644
2444
1862
2959
1799
1711
2045
2403
2628
1932
1307
2261
3130
2098
1887
2021
1910
1901
2903
1839
2632
2090
1670
2320
1227
1331
1461
1215
2174
1810
1581
2165
2014
2680
1511
1849
2624
1775
2484
1703
2077
1433
1683
1396
1477
1242
2088
1951
1460
1413
1440
1230
1589
2156
2278
2333
2286
2720
1257
1882
2295
942
783
2372
2466
1806
1243
1746
2132
1822
1720
2562
1900
1268
2104
1681
2178
1960
2999
2327
2193
2462
1407
2142
2637
1933
2379
2069
1225
1954
2340
2267
1952
1859
2322
2198
2141
1561
2145
2196
2313
2526
2235
1740
1254
2252
2679
2221
2329
2098
1842
1412
2350
2587
2291
2457
1965
1858
2300
1778
1443
3025
1634
1968
2448
2082
2753
1497
2620
1534
1589
1634
2826
2325
1925
2237
2451
3396
2225
2933
2537
2295
1856
2706
1216
1443
2136
1877
2610
890
2847
1418
1651
2105
1430
1733
2476
1525
1862
1913
1712
1978
2808
2314
2043
2287
2473
2419
1355
1657
1543
2915
1836
1214
1211
2257
1901
1895
2388
1974
2354
1989
1695
1922
3121
2164
1483
1559
1801
1704
2277
2925
1786
2404
1325
1225
2475
1978
2018
2189
2019
2244
2020
2348
2414
1634
1935
2020
2706
1392
1677
1328
1873
1421
1688
3054
2148
1890
2666
2426
1689
2267
1215
1393
1469
1844
2487
2690
2467
2251
1229
2075
2231
2281
2083
2476
1290
1310
1560
2314
1967
2338
1534
2669
2316
2989
2484
2172
1975
1837
2253
2717
1264
1777
2401
3266
2103
1874
1227
2658
2130
2193
3225
1641
1441
2012
1797
2339
2742
1213
1610
2347
1391
3546
2969
1969
2513
1980
1402
2407
2682
2344
1548
1990
2852
2138
1739
2290
1956
2122
2032
2213
2473
2165
2268
2157
2575
2287
1565
1865
1621
2797
1677
1225
2556
1916
1683
1534
2885
1930
1672
1944
2254
2513
1362
1817
1974
2104
2082
1959
1962
1644
1792
1928
2064
2705
2229
2367
1928
1744
2218
2171
1391
2335
2383
1233
2138
2637
2266
1880
1604
2050
1890
2545
1230
1810
1961
1682
1229
1599
2069
1879
1547
1886
1731
2495
2328
2460
1401
2064
2137
2615
2484
1905
2931
2525
2374
2317
2252
1579
1403
1625
2028
1705
1742
2617
2289
1929
1432
2012
1981
1973
1794
2212
2110
2306
2398
2010
1260
2383
2373
2165
1728
1894
2175
1880
1864
1222
1823
2320
1973
2061
2015
2326
1652
2301
1834
2864
2160
1676
1890
1610
2136
2867
2166
2349
1380
1503
1534
2548
2405
1506
2502
2322
2015
1711
1104
2959
1866
1655
1575
2421
1859
1920
2241
2292
1737
2273
2552
1912
1822
1491
1982
1594
1219
1771
2596
1237
1760
2351
2428
1977
2010
1666
1909
1468
1259
1319
2188
2025
2071
2103
2071
1681
2290
1444
1971
2094
1922
2111
1737
1868
2616
1751
1831
2085
2283
2287
2140
1679
1224
1748
1217
2015
2737
1693
2519
1875
1628
1982
1278
2533
2590
2545
1880
2109
1759
2918
1496
2310
1620
2482
1897
2413
2056
1701
1495
2073
2465
2345
1942
1636
1591
1907
2220
2679
1986
1793
1948
1978
2134
2152
1562
1583
1832
1223
1974
1228
2219
1049
1964
2005
1383
1218
1723
1429
2101
1235
1216
1869
1838
2227
1953
1593
2570
2878
2872
1639
2875
2774
2340
885
1987
1816
2081
2679
1311
1241
2190
1667
1246
1898
1787
2287
1274
1830
2276
679
1678
1738
1861
1437
2526
1254
1477
2250
2129
1565
3156
2046
2397
1694
2435
2428
1899
1789
1248
2012
1234
1708
1265
2377
2195
1763
1562
1433
1638
1442
1604
2806
1864
1229
2319
2701
1302
1667
1795
1479
2460
1865
1675
1957
1878
2184
1219
2653
2305
1596
1719
1280
1238
1778
2139
1214
2252
2207
2216
1744
1266
1217
2062
1619
1776
2364
2640
2195
1834
2266
1936
2113
1838
1804
1245
1781
2538
2061
1857
1882
2281
2294
1305
2004
1507
2431
2254
1651
1424
1266
1330
1462
1235
2627
2055
2898
2016
2345
1490
2532
1937
1727
1655
2484
1899
1676
2248
1907
1602
1657
1419
2037
1082
1781
2395
2868
2049
2343
1247
2644
2000
1782
1216
1844
2312
2006
2306
1983
1773
2481
1469
1826
1485
1879
2080
2203
1364
2408
2281
2014
1981
2339
1553
1455
1650
1619
2227
2262
1454
2266
1893
1532
1796
2414
2283
2306
1801
1526
1900
1647
1900
1668
2380
1651
2099
1495
1716
2189
1840
1941
2306
2340
1221
2657
2099
1414
2598
1447
2051
1990
2255
1999
2279
2957
1222
1951
1366
1212
2445
1501
1598
1939
2504
1319
1638
1248
2066
1727
1955
2758
1286
2192
2486
2201
1890
2873
1423
2143
2062
1236
1294
2770
1567
2621
2340
2015
1680
1295
1364
1695
1797
2471
1811
1815
1712
2096
2000
2262
1284
2238
1326
2461
1514
1773
2182
2196
2497
2155
1596
1922
1519
1794
2078
2029
3199
1985
2405
1574
1832
1284
1843
1449
2351
1845
1504
1969
2232
1481
1915
1561
2551
1872
1525
1866
2065
2654
1735
